2 0.60234375 0.28828125 0.071875 0.06640625
2 0.3484375 0.30546875 0.05703125 0.0515625
2 0.21953125 0.31640625 0.06171875 0.06015625
2 0.096875 0.365625 0.053125 0.0484375
2 0.10390625 0.4765625 0.0546875 0.053125
2 0.115625 0.55390625 0.05859375 0.05859375
2 0.128125 0.634375 0.053125 0.0546875
2 0.26015625 0.71171875 0.05703125 0.06015625
2 0.37890625 0.7078125 0.05859375 0.06484375
2 0.62578125 0.6875 0.06796875 0.06796875
2 0.759375 0.68359375 0.06484375 0.06328125
2 0.89453125 0.578125 0.06796875 0.06328125
2 0.890625 0.475 0.06484375 0.0703125
2 0.8859375 0.371875 0.05859375 0.06015625